# the matrix must be in this order 
# and with this number of letters
    A   B   C   D   E   F   G   H   I   K   L   M   N   P   Q   R   S   T   V   W   X   Y   Z
A   10  -4  -4  -4  -4  -4  -4  -4  -4  -4  -4  -4  -4  -4  -4  -4  -4  -4  -4  -4  -4  -4   0
B  -4   10  -4  -4  -4  -4  -4  -4  -4  -4  -4  -4  -4  -4  -4  -4  -4  -4  -4  -4  -4  -4   0
C  -4  -4   10  -4  -4  -4  -4  -4  -4  -4  -4  -4  -4  -4  -4  -4  -4  -4  -4  -4  -4  -4   0
D  -4  -4  -4   10  -4  -4  -4  -4  -4  -4  -4  -4  -4  -4  -4  -4  -4  -4  -4  -4  -4  -4   0
E  -4  -4  -4  -4   10  -4  -4  -4  -4  -4  -4  -4  -4  -4  -4  -4  -4  -4  -4  -4  -4  -4   0
F  -4  -4  -4  -4  -4   10  -4  -4  -4  -4  -4  -4  -4  -4  -4  -4  -4  -4  -4  -4  -4  -4   0
G  -4  -4  -4  -4  -4  -4   10  -4  -4  -4  -4  -4  -4  -4  -4  -4  -4  -4  -4  -4  -4  -4   0
H  -4  -4  -4  -4  -4  -4  -4   10  -4  -4  -4  -4  -4  -4  -4  -4  -4  -4  -4  -4  -4  -4   0
I  -4  -4  -4  -4  -4  -4  -4  -4   10  -4  -4  -4  -4  -4  -4  -4  -4  -4  -4  -4  -4  -4   0
K  -4  -4  -4  -4  -4  -4  -4  -4  -4   10  -4  -4  -4  -4  -4  -4  -4  -4  -4  -4  -4  -4   0
L  -4  -4  -4  -4  -4  -4  -4  -4  -4  -4   10  -4  -4  -4  -4  -4  -4  -4  -4  -4  -4  -4   0
M  -4  -4  -4  -4  -4  -4  -4  -4  -4  -4  -4   10  -4  -4  -4  -4  -4  -4  -4  -4  -4  -4   0
N  -4  -4  -4  -4  -4  -4  -4  -4  -4  -4  -4  -4   10  -4  -4  -4  -4  -4  -4  -4  -4  -4   0
P  -4  -4  -4  -4  -4  -4  -4  -4  -4  -4  -4  -4  -4   10  -4  -4  -4  -4  -4  -4  -4  -4   0
Q  -4  -4  -4  -4  -4  -4  -4  -4  -4  -4  -4  -4  -4  -4   10  -4  -4  -4  -4  -4  -4  -4   0
R  -4  -4  -4  -4  -4  -4  -4  -4  -4  -4  -4  -4  -4  -4  -4   10  -4  -4  -4  -4  -4  -4   0
S  -4  -4  -4  -4  -4  -4  -4  -4  -4  -4  -4  -4  -4  -4  -4  -4   10  -4  -4  -4  -4  -4   0
T  -4  -4  -4  -4  -4  -4  -4  -4  -4  -4  -4  -4  -4  -4  -4  -4  -4   10  -4  -4  -4  -4   0
V  -4  -4  -4  -4  -4  -4  -4  -4  -4  -4  -4  -4  -4  -4  -4  -4  -4  -4   10  -4  -4  -4   0
W  -4  -4  -4  -4  -4  -4  -4  -4  -4  -4  -4  -4  -4  -4  -4  -4  -4  -4  -4   10  -4  -4   0
X  -4  -4  -4  -4  -4  -4  -4  -4  -4  -4  -4  -4  -4  -4  -4  -4  -4  -4  -4  -4   10  -4   0
Y  -4  -4  -4  -4  -4  -4  -4  -4  -4  -4  -4  -4  -4  -4  -4  -4  -4  -4  -4  -4  -4   10   0
Z   0   0   0   0   0   0   0   0   0   0   0   0   0   0   0   0   0   0   0   0   0   0    0
